01;01;00
01;02;14
01;03;13
01;04;10
01;05;24
01;06;11
02;01;14
02;02;00
02;03;23
02;04;11
02;05;11
02;06;20
03;01;13
03;02;23
03;03;00
03;04;13
03;05;15
03;06;21
04;01;10
04;02;11
04;03;13
04;04;00
04;05;22
04;06;21
05;01;24
05;02;11
05;03;15
05;04;22
05;05;00
05;06;19
06;01;11
06;02;20
06;03;21
06;04;21
06;05;19
06;06;00